-0.0616074 -0.0106191 0.00666709 -0.0496711 -0.0208363 -0.252367 0.00464364 0.0332961 -0.273518 2.16778 -0.0481862 -0.0128521 -0.0153584 -0.0510742 -0.127303 -0.00643686 -0.00680705 0.0156042 0.00755021 -0.322628 0.00426146 -0.000769768 -0.00186783 0.00664014 0.0154633
-0.00182528 -0.000418435 0.00166685 -0.00256828 -0.000722116 -0.0180571 -0.000759513 0.00279787 -0.0129355 -0.0411118 -0.081274 0.00439054 0.0133649 -0.0929785 1.51389 -0.040302 -0.0018865 -0.0264718 -0.0388337 -0.150996 0.00822359 0.00297904 0.00119178 0.0068075 -0.0441739
-0.000130921 -0.00318391 0.000691969 -0.00220511 -0.00714885 -0.000413073 0.00292851 -0.0104249 -0.0667387 0.00605849 0.0269152 0.00445888 -0.0395505 1.3222 -0.0396693 0.000482365 -0.0247301 -0.0468548 -0.0815482 -0.0473187 -0.000115225 0.0028209 0.00422502 -0.00571674 0.0049653
0.000478005 -0.00319704 -0.00169552 -0.00271688 -0.00668742 -0.00293495 -0.0125357 -0.0840107 -0.00701885 -0.00125552 0.0669444 -0.14035 1.5346 -0.134518 0.00167251 -0.0311861 -0.0214144 -0.0948978 -0.0311804 -0.0234656 0.0021086 0.000642099 -0.00630884 0.00217727 -0.00324659
-0.00146648 -0.00220845 -0.000437167 -0.00313053 -0.00891066 -0.0961029 -0.0104948 0.00412926 0.0140552 -0.00626686 1.56339 -0.167063 0.00124903 -0.00323901 -0.0714098 -0.0864543 -0.0386501 -0.0219747 -0.0156197 -0.0413042 -0.00493434 0.00291596 0.000774635 0.00250064 -0.0093436
0.00161513 -0.00448546 -0.0017697 -0.00447855 -0.00193921 -0.00369629 -0.0473054 0.00433825 0.0920145 -0.000971241 -0.067734 1.21807 -0.066211 4.96928e-005 0.0018288 -0.0250041 -0.0417369 -0.0222268 -0.00938356 -0.00278578 0.00536583 -0.0016236 0.00148169 0.00695804 -0.0303689
0.00100559 -0.00123502 -0.0171034 -0.0528514 -0.00753369 0.00216819 0.0204062 -0.0777427 1.41892 -0.0320071 -0.0129891 -0.0876059 -0.0264561 -0.0869399 -0.0122572 0.0021743 0.00810634 0.00229266 -0.00686687 -0.016117 0.00187578 -0.000216793 -0.00137008 0.00440903 -0.0220647
-0.00409774 -0.0147022 -0.0551829 -0.00325667 0.000950585 0.0135353 -0.0522926 1.32763 -0.0814925 -0.00121641 -0.00913698 -0.0242876 -0.0769127 -0.00759634 -0.00290405 0.00311353 0.000173074 -0.00588471 -0.00234251 -0.00487538 0.00435617 0.00237647 -0.00356304 0.013963 -0.0163544
-0.0626646 -0.0245273 0.0042481 0.00174756 -0.00669815 1.18342 0.0337286 0.0153384 0.00582519 -0.024189 -0.072995 -0.0296231 -0.00614655 -0.00488253 -0.00838386 -0.00286081 0.00246745 -0.000201027 -0.00216322 -0.0141997 0.00704382 0.00529539 -0.00447927 0.0269354 -0.0220339
-0.00969073 -0.10775 -0.00882814 0.00121131 -0.00482868 -0.249332 1.69892 -0.143269 -0.00230789 0.00274807 -0.0138401 -0.139201 -0.0153633 -0.00635116 -0.00290014 0.000622212 -0.00446649 0.00189068 -0.0102059 -0.00192651 0.0101547 0.00292561 -0.0167569 0.0442397 -0.0256941
-0.0258914 -0.0166843 -0.0265004 -0.0886192 -0.0306386 -0.00332211 0.0443929 0.000922086 -0.00386617 -0.00237363 -0.00541067 -0.00670822 -0.00120059 -0.00635279 -0.00340195 0.0196027 -0.0312769 -0.0228728 -0.0778527 -0.050692 0.0363262 0.0229796 -0.209588 1.55529 -0.0662587
-0.0268133 -0.0411106 -0.0773648 -0.0128125 -0.0156881 -0.00145726 0.0212792 -0.00490452 -0.000163159 -0.00256653 -0.00356442 -0.00419271 -0.00308327 -0.00131008 -0.00390572 -0.0176588 -0.0102674 -0.0602151 -0.0169415 0.00334122 0.153179 -0.0434056 1.19015 0.0271097 -0.0476363
-0.162625 -0.0760059 -0.0105912 -0.0165433 -0.0358891 -0.00776155 0.0106845 -0.00114871 -0.0012069 -0.00405997 -0.0098737 0.000924954 -0.000175871 -0.00365517 -0.00501716 -0.0660441 -0.0944911 -0.0135221 0.00843756 -0.0796633 1.62377 0.0166099 -0.00628227 0.01542 -0.0812949
-0.0642102 -0.2131 -0.0687046 0.13533 -0.0214992 0.00157703 -0.00700754 -0.00093057 -0.0157838 -0.00593009 -0.00215255 -0.00903217 0.000208393 -0.00419234 -0.00692255 -0.0419658 -0.103255 -0.0127316 -0.00725157 0.0103421 -0.164544 1.88438 -0.209784 -0.00373283 -0.0691047
-0.129632 0.0117554 -0.182623 1.98442 -0.0752637 -0.00773122 -0.012084 -0.0428426 -0.165302 -0.0186076 -0.00281651 -0.00807207 -0.00226573 -0.0148628 0.000908895 0.0285322 -0.0140194 -0.00137708 0.0126347 -0.104594 -0.0258247 0.0058262 -0.0573114 -0.167742 -0.0111039
0.0197557 -0.17578 1.5219 -0.0094771 -0.000712038 -0.0123542 -0.0266692 -0.103691 -0.0355663 -0.00682491 -0.00371265 -0.00132395 -0.0116516 -0.00134927 -0.00157905 0.0157324 -0.00690243 -0.00169455 0.0330543 -0.0317366 -0.0193076 0.00104999 -0.124456 -0.0178156 0.00111467
1.32283 -0.0776568 0.100533 0.0279656 -0.0515644 -0.098162 -0.0315336 -0.015635 -0.0135918 -0.0126528 -0.0103609 -0.00188556 -0.00199745 -0.00379448 0.000882807 0.022759 -0.0121596 0.00419238 0.0688119 -0.090535 -0.084959 -0.022281 -0.0101451 -0.00635289 -0.0027049
-0.0389071 1.31469 -0.107273 -0.0035031 0.00131591 -0.0247752 -0.110076 -0.0203404 -0.0112701 -0.00585372 -0.00256171 -0.00739811 -0.00103545 -0.00996951 -0.00194588 0.038945 -0.0139172 -0.0148331 0.21071 -0.051646 -0.0110787 -0.0949989 -0.00986893 -0.015025 -0.00937997
-0.0588261 0.000240603 -0.0112673 -0.00426152 0.00137545 0.00362992 -0.00245497 -0.000777481 -0.00859414 -0.000878509 0.00191578 0.00213641 -0.0257626 -0.086053 -0.00737322 -0.054184 0.00266904 0.00326256 1.77924 -0.18899 -0.0099089 -0.0287251 -0.0633601 -0.154294 -0.0887548
-0.023556 -0.0238469 -0.0109389 -0.00765502 0.00452799 -7.70331e-005 -4.47435e-005 -0.00323919 -0.00481162 -0.00189872 -0.0201132 -0.0125109 -0.0857342 -0.0128753 4.71853e-005 0.318303 -0.207654 1.51272 0.0611846 -0.110034 -0.0379906 -0.0527162 -0.159908 -0.0320976 -0.0890767
-0.000708606 -0.0104985 0.00298136 -0.0081822 0.0221273 -0.00421657 -0.00346962 -0.00357713 -0.00460136 -0.000824081 -0.0960757 -0.050159 -0.0079031 0.00464924 -0.00526567 1.59317 0.324075 0.105676 -0.0359527 -0.174061 -0.128964 -0.0915464 -0.0372557 0.0250149 -0.414437
-0.00519974 -0.0218228 -0.0133332 -0.0192346 -0.00166879 -0.00122065 -0.00326241 -0.00028254 -0.00279752 -0.00353635 -0.0286415 -0.0966486 -0.00706479 0.00316344 0.00429557 0.308128 1.26629 -0.0915232 0.0114716 -0.290201 -0.078805 -0.135323 -0.0199222 -0.0237702 0.250914
-0.0318487 -0.0106792 -0.0144111 -0.0234682 -0.065083 0.0041579 0.000894163 0.00117422 0.00149429 -0.0107169 -0.0113216 -0.0149577 -0.00491616 -0.00402147 -0.0108482 0.0798177 0.170486 0.0237566 -0.0232781 0.194199 -0.104091 -0.0337606 0.000983332 -0.0913287 0.977767
-0.00278717 -0.00496219 0.00231482 -0.00164055 0.0153731 0.000648909 -0.0019388 -0.00198011 -0.000919615 -0.0179822 -0.0148447 0.0104547 0.00498337 -0.0104735 -0.0448189 -0.013381 -0.128431 -0.0509317 -0.113097 1.33083 -0.0513869 0.000171607 0.00031514 -0.0439875 0.138471
0.00996898 -0.00822883 0.0041866 0.00415712 0.303012 -0.00626635 -0.0033813 -0.00406565 -0.00610413 -0.0301259 -0.0165511 0.00468768 0.00691432 -0.0112905 -0.0489465 0.003143 -0.0416813 -0.0742876 -0.0989729 1.49824 -0.0084028 -0.00281284 -0.0069297 2.92424e-005 -0.466291
