000033
000041
000042
000043
000044
000048
000049
000050
000060
000061
000065
000066
000067
000068
000069
000070
000071
000072
000073
000074
000075
000076
000077
000078
000079
000104
000105
000106
000107
000108
000109
000110
000111
000112
000113
000114
000115
000116
000117
000118
000119
000120
000121
000122
000123
000124
000125
000126
000127
000128
000129
000130
000131
000132
000133
000134
000135
000136
000144
000145
000146
000147
000148
000149
000150
000151
000152
000153
000154
000168
000169
000170
000171
000172
000173
000174
000175
000176
000177
000191
000193
000195
000197
000199
000201
000203
000205
000207
000209
000211
000233
000235
000237
000238
000239
000240
000256
000257
000258
000259
000261
000263
000265
000267
000269
000271
000273
000275
000277
000282
000284
000286
000288
000290
000292
000294
000296
000298
000300
000302
000304
000306
000308
000310
000311
000312
000313
000314
000315
000316
000317
000318
000319
000320
000321
000322
000324
000326
000328
000330
000332
000334
000336
000338
000340
000342
000344
000346
000348
000350
000352
000354
000355
000356
000357
000358
000359
000379
000380
000381
000382
000383
000384
000391
000392
000399
000414
000415
000416
000417
000418
000423
000435
000442
000451
000452
000454
000456
000458
000460
000462
000463
000483
000484
000485
000486
000487
000488
000489
000490
000491
000492
000493
000494
000495
000496
000497
000498
000500
000502
000504
000506
000508
000513
000514
000519
000522
000523
000530
000531
000532
000533
000535
000538
000539
000540
000542
000543
000544
000586
000587
000588
000602
000603
000604
000605
000606
000611
000612
000613
000614
000615
000616
000617
000623
000624
000625
000626
000627
000628
000629
000639
000640
000666
000667
000668
000678
000679
000697
000698
000699
000700
000701
000702
000703
000704
000705
000706
000707
000708
000709
000730
000731
000732
000733
000734
000754
000755
000756
000757
000763
000764
000765
000766
000767
000768
000769
000770
000771
000772
000773
000774
000775
000776
000777
000778
000779
000818
000819
000820
000821
000829
000830
000831
000832
000833
000834
000835
000836
000837
000838
000839
000840
000841
000842
000866
000867
000868
000869
000893
000894
000901
000902
000903
000904
000905
000906
000907
000908
000909
000910
000911
000912
000913
000914
000915
000916
000917
000918
000919
000920
000921
000922
000923
000924
000925
000926
000927
000928
000929
000930
000931
000932
000933
000934
000935
000936
000937
000938
000939
000940
000941
000942
000943
000944
000945
000946
000947
000948
000949
000950
000961
000962
000963
000965
000966
000967
000968
000969
000970
000971
000972
000973
000974
000975
000976
000977
000978
000979
000980
000981
000982
000983
000984
000985
000986
000987
000988
000989
000990
000991
000992
000993
000994
000995
000996
000997
000998
000999
001000
001001
001002
001003
001004
001005
001006
001007
001008
001009
001010
001012
001014
001016
001018
001019
001020
001021
001022
001023
001024
001025
001026
001027
001028
001029
001030
001031
001032
001038
001039
001040
001041
001042
001043
001044
001045
001046
001047
001048
001049
001050
001051
001052
001053
001054
001055
001056
001057
001058
001059
001060
001061
001062
001245
001316
001317
001390
001391
001392
001393
001394
001395
001396
001397
001398
001399
001400
001401
001402
001403
001404
001405
001406
001407
001408
001409
001410
001411
001412
001413
001414
001415
001416
001441
001442
001443
001444
001445
001446
001447
001448
001449
001450
001451
001452
001453
001454
001455
001456
001457
001458
001459
001460
001461
001492
001494
001496
001497
001498
001499
001500
001501
001502
001503
001504
001505
001506
001507
001508
001509
001510
001511
001512
001513
001514
001515
001516
001517
001518
001519
001520
001521
001522
001523
001524
001525
001526
001527
001528
001529
001530
001531
001532
001533
001534
001535
001536
001537
001538
001539
001540
001541
001542
001543
001544
001545
001546
001547
001548
001549
001550
001551
001552
001553
001554
001555
001556
001557
001558
001559
001560
001561
001562
001563
001564
001565
001566
001567
001568
001569
001570
001571
001572
001573
001574
001575
001576
001577
001578
001579
001580
001581
001582
001583
001584
001585
001586
001587
001588
001589
001590
001591
001592
001593
001594
001595
001596
001597
001598
001599
001600
001601
001602
001603
001604
001605
001606
001610
001611
001612
001613
001614
001615
001616
001617
001618
001619
001620
001621
001622
001623
001624
001625
001626
001627
001628
001629
001630
001631
001632
001633
001634
001635
001636
001637
001638
001639
001640
001641
001642
001643
001644
001645
001646
001647
001656
001657
001658
001659
001660
001661
001662
001663
001664
001665
001666
001667
001668
001669
001670
001671
001672
001673
001674
001675
001676
001677
001678
001679
001680
001681
001682
001683
001684
001685
001686
001687
001688
001689
001690
001691
001692
001693
001694
001695
001729
001730
001731
001732
001733
001734
001735
001736
001737
001738
001739
001745
001746
001747
001748
001749
001750
001751
001758
001759
001780
001781
001785
001786
001787
001788
001789
001790
001791
001792
001793
001794
001799
001800
001801
001802
001803
001804
001805
001806
001807
001808
001809
001810
001811
001812
001813
001814
001815
001816
001817
001818
001819
001820
001821
001822
001823
001824
001825
001826
001827
001828
001829
001830
001831
001832
001833
001834
001835
001836
001837
001838
001839
001840
001841
001842
001843
001844
001845
001846
001847
001848
001849
001850
001851
001852
001853
001854
001855
001856
001857
001858
001859
001860
001861
001862
001863
001988
001989
001990
001991
001992
001993
001994
001995
001996
001997
001998
001999
002000
002001
002002
002003
002004
002005
002006
002007
002008
002009
002010
002011
002012
002013
002014
002015
002016
002017
002018
002019
002020
002021
002022
002023
002024
002025
002026
002027
002028
002029
002030
002031
002032
002033
002034
002035
002036
002037
002038
002039
002040
002041
002042
002043
002044
002045
002046
002047
002048
002049
002050
002051
002052
002053
002054
002055
002056
002057
002058
002059
002060
002061
002062
002063
002064
002065
002066
002067
002068
002069
002070
002071
002072
002073
002074
002075
002076
002077
002078
002079
002080
002081
002082
002083
002084
002085
002086
002087
002088
002089
002090
002091
002092
002093
002094
002095
002096
002097
002098
002099
002161
002162
002163
002164
002165
002166
002167
002168
002169
002170
002171
002172
002173
002174
002175
002176
002177
002178
002179
002180
002181
002182
002183
002184
002185
002186
002187
002188
002189
002190
002191
002192
002193
002194
002195
002196
002197
002198
002199
002200
002201
002202
002203
002204
002205
002206
002207
002208
002209
002210
002211
002212
002213
002214
002215
002232
002233
002234
002235
002236
002237
002238
002239
002240
002241
002242
002243
002244
002245
002246
002247
002248
002249
002250
002251
002252
002253
002254
002255
002256
002257
002258
002259
002260
002261
002262
002263
002264
002265
002266
002267
002268
002269
002270
002271
002272
002273
002274
002275
002276
002277
002278
002279
002280
002281
002282
002283
002284
002285
002286
002287
002288
002289
002290
002291
002292
002293
002294
002295
002296
002297
002298
002299
002300
002301
002302
002303
002304
002305
002306
002307
002308
002309
002310
002311
002312
002313
002314
002315
002393
002416
002417
002418
002419
002420
002421
002422
002515
002516
002517
002518
002519
002520
002521
002522
002523
002524
002525
002526
002570
002571
002572
002573
002574
002575
002576
002577
002578
002579
002580
002581
002582
002583
002584
002585
002586
002587
002588
002589
002590
002591
002592
002593
002594
002595
002596
002597
002598
002599
002600
002601
002602
002603
002604
002605
002606
002607
002608
002609
002610
002611
002612
002613
002614
002615
002616
002617
002618
002619
002645
002646
002647
002648
002649
002650
002651
002652
002653
002654
002655
002656
002657
002658
002659
002660
002667
002668
002669
002670
002671
002672
002673
002674
002675
002676
002677
002678
002727
002728
002729
002730
002731
002732
002733
002734
002735
002736
002737
002738
002739
002740
002741
002742
002743
002744
002745
002746
002747
002748
002749
002750
002751
002752
002753
002754
002755
002756
002757
002758
002759
002760
002772
002773
002774
002775
002776
002777
002778
002779
002780
002781
002782
002783
002784
002785
002786
002787
002788
002789
002790
002791
002792
002793
002794
002795
002796
002797
002798
002799
002800
002801
002802
002803
002804
002805
002806
002807
002808
002826
002827
002828
002829
002830
002831
002832
002833
002834
002835
002836
002837
002838
002839
002840
002841
002842
002843
002844
002845
002846
002847
002848
002849
002850
002851
002852
002853
002854
002866
002867
002868
002869
002870
002871
002872
002873
002874
002875
002876
002877
002878
002879
002880
002881
002882
002883
002884
002885
002886
002887
002944
002945
002946
002947
002948
002949
002950
002951
002952
002953
002954
002955
002956
002957
002958
002959
002960
002961
002962
002963
002964
002965
002966
002967
002968
002969
002970
002971
002972
002973
002974
002975
002976
002977
002978
002979
002980
002981
002982
002983
002984
002985
002986
002987
002988
003009
003010
003011
003012
003013
003014
003015
003016
003017
003018
003019
003020
003021
003022
003023
003024
003025
003026
003027
003028
003029
003030
003031
003032
003033
003034
003035
003036
003037
003038
003039
003040
003041
003042
003043
003044
003045
003046
003047
003048
003049
003050
003051
003052
003053
003054
003055
003056
003057
003058
003059
003060
003061
003062
003063
003064
003085
003086
003087
003088
003089
003090
003091
003092
003093
003094
003095
003096
003097
003098
003099
003100
003101
003102
003103
003104
003105
003106
003107
003108
003109
003110
003111
003112
003113
003114
003115
003116
003117
003118
003119
003120
003121
003122
003123
003124
003125
003126
003127
003128
003129
003130
003131
003132
003133
003134
003135
003136
003137
003138
003139
003140
003141
003142
003143
003144
003145
003146
003147
003148
003149
003150
003151
003152
003153
003154
003155
003156
003157
003158
003159
003172
003173
003174
003175
003176
003177
003178
003179
003180
003187
003188
003189
003190
003191
003192
003193
003194
003195
003196
003197
003198
003199
003200
003201
003202
003203
003204
003205
003206
003207
003208
003209
003210
003211
003212
003213
003214
003215
003216
003217
003218
003219
003220
003221
003222
003223
003224
003225
003226
003227
003228
003229
003230
003231
003232
003250
003251
003252
003253
003254
003255
003256
003257
003258
003259
003260
003261
003262
003263
003264
003265
003266
003267
003268
003269
003270
003271
003272
003273
003274
003275
003276
003277
003278
003279
003280
003281
003282
003283
003284
003285
003286
003287
003301
003302
003303
003304
003361
003362
003363
003364
003365
003366
003367
003368
003369
003370
003371
003372
003373
003374
003375
003376
003377
003378
003379
003380
003381
003382
003383
003384
003385
003386
003387
003388
003389
003390
003391
003392
003393
003394
003395
003396
003397
003398
003399
003400
003401
003402
003403
003404
003405
003406
003407
003408
003409
003410
003411
003412
003413
003414
003415
003416
003417
003418
003419
003420
003421
003422
003423
003424
003425
003426
003427
003428
003429
003430
003431
003432
003433
003434
003435
003436
003437
003438
003439
003440
003441
003442
003443
003444
003445
003446
003447
003448
003449
003463
003464
003465
003466
003467
003468
003469
003470
003471
003472
003473
003474
003475
003476
003477
003478
003479
003480
003481
003482
003483
003484
003485
003486
003487
003488
003489
003490
003491
003492
003493
003494
003495
003496
003497
003498
003499
003500
003501
003502
003503
003504
003505
003506
003571
003572
003573
003574
003575
003576
003577
003578
003579
003595
003596
003597
003598
003599
003600
003601
003602
003603
003604
003605
003606
003607
003608
003609
003610
003611
003612
003613
003614
003615
003616
003617
003618
003619
003620
003621
003622
003623
003624
003625
003626
003627
003628
003629
003630
003631
003632
003633
003634
003635
003636
003637
003638
003639
003640
003641
003642
003643
003644
003645
003646
003647
003648
003649
003650
003651
003652
003653
003654
003655
003656
003657
003658
003659
003660
003661
003662
003663
003664
003665
003666
003667
003668
003669
003670
003671
003672
003673
003674
003675
003676
003677
003678
003679
003680
003681
003682
003683
003684
003685
003686
003687
003688
003689
003690
003691
003692
003693
003694
003695
003721
003722
003723
003724
003725
003726
003727
003728
003729
003730
003731
003732
003733
003734
003735
003736
003737
003738
003739
003740
003741
003742
003743
003744
003745
003746
003747
003748
003749
003750
003760
003761
003762
003763
003764
003765
003766
003767
003768
003769
003770
003771
003772
003773
003774
003775
003776
003777
003778
003779
003780
003781
003782
003783
003784
003785
003786
003787
003788
003789
003790
003791
003792
003793
003794
003795
003796
003797
003798