0.173464 0.0292877 0.0688571 0.618562 -0.256084 1.11342 -0.0406422 0.0057909 -0.0527545 -0.211053 0.0533551 -0.427909 0.00615192 -0.00291626 -0.000229866 0.0317731
0.0861186 0.0339193 0.239153 1.11592 -0.0795228 0.00225425 -0.0865836 -0.0790635 -0.0963219 -0.084348 -0.0102956 -0.0606765 -0.0100844 -0.00569707 -0.0145185 -0.0117401
0.0994967 0.0434755 1.19935 0.0331757 -0.0503004 -0.0710738 -0.10723 -0.031575 -0.0922875 -0.00341105 -0.0374364 -0.0128916 -0.00256758 -0.0114848 -0.0288807 0.0206696             
1.58662 0.0393288 0.161619 -0.362144 -0.135593 -0.0549027 -0.0393976 -0.0226668 -0.0737218 0.00579218 -0.0114898 -0.0179128 -0.0486216 -0.0209811 -0.0176009 -0.00753023
0.955354 0.16563 0.0702334 -0.212012 -0.0505061 -0.195556 -0.0486588 -0.0218348 -1.11586 1.67378 -0.0405874 -0.0078843 -0.0301571 -0.0772512 -0.0270559 -0.0336101
-0.0948319 1.4531 0.02958 -0.113271 -0.0478366 -0.144413 -0.04471 -0.0124505 -0.112204 0.0989924 -0.00790262 -0.0267125 -0.0144663 -0.0505924 -0.0455682 0.11131
-0.0334959 0.0284275 0.0156236 -0.101736 -0.0325002 -0.0283154 -0.0256644 -0.0152842 -0.0589358 0.0125078 -0.0406912 -0.0792662 -0.0399308 0.00462927 -0.0330002 1.3934
-0.0250282 -0.0304 0.0234053 -0.083682 -0.02644 -0.0173457 -0.0345172 0.00292444 -0.0323863 0.00148148 -0.0938402 -0.00538112 -0.0317551 -0.0412287 1.29443 0.0706363
0.00218731 -0.0240941 0.0213794 -0.0928303 -0.0476692 -0.0156168 -0.0147552 0.0101119 -0.077928 -0.0293584 -0.0045614 0.00613285 1.24471 0.0169571 0.0253012 -0.0590849
0.00703265 -0.0348821 0.0240668 -0.105062 -0.0344721 -0.0324999 -0.010391 0.0481085 -0.0361789 -0.0336915 -0.00951182 0.0194112 -0.0173559 1.19683 -0.0464259 -0.00959371
-0.0202735 -0.021442 0.0702806 -0.172416 -0.164117 -0.030859 -0.0855453 1.61847 -0.0353755 -0.00122677 -0.0441143 -0.0711289 -0.0203588 -0.0462538 -0.0163337 -0.0342156
-0.0469674 -0.0297814 0.165808 -0.36278 -0.126202 -0.141001 1.67232 -0.0779852 -0.0138074 0.0126195 -0.149775 0.0631566 -0.0186003 -0.0324074 -0.0269926 -0.025379
-0.0353303 -0.0375325 0.296754 -0.730048 1.95936 -0.19719 -0.152992 -0.120886 -0.127739 0.0214248 -0.0371167 0.0895133 -0.028554 -0.0291277 -0.0110821 -0.0241416
0.0786047 0.0096647 -0.294269 -0.703007 -0.0181845 0.180841 0.00259487 0.00436709 -0.0292924 -0.0243083 0.107915 1.68787 -0.0109086 -0.0074623 -0.000670429 -0.0149894
-0.00701577 0.0216823 -0.690338 -0.150218 -0.0150168 0.0934717 -0.0199901 0.0183097 0.0335549 -0.0245424 1.77348 -5.33338e-005 -0.00662211 -0.012964 -0.0120576 -0.00624485
-0.833055 -0.0275067 -0.402659 0.298446 -0.0220407 -0.0854356 0.0204787 -0.00266114 1.63567 0.512406 0.108017 -0.204936 -0.0199381 -0.0258147 -0.00268413 -0.00197258 
                  